ID,Name,Year,Gender,Department
111,Jack,2,M,AMS
222,Tom,2,M,AMS
